1 0.1859375 0.5953125 0.36953125 0.33359375
1 0.08125 0.24453125 0.14765625 0.19296875
1 0.42265625 0.3203125 0.2953125 0.30078125
1 0.60859375 0.559375 0.26171875 0.253125
1 0.54765625 0.8375 0.2921875 0.284375
1 0.8953125 0.65078125 0.17578125 0.16171875
1 0.92578125 0.40859375 0.09140625 0.14140625
1 0.76171875 0.33359375 0.18359375 0.22109375
1 0.93203125 0.22265625 0.11328125 0.11953125
1 0.96171875 0.32421875 0.0765625 0.0953125
1 0.9453125 0.1578125 0.109375 0.128125
1 0.33984375 0.0875 0.1890625 0.1015625
1 0.2609375 0.8671875 0.1859375 0.16015625