1 0.21328125 0.20234375 0.2625 0.315625
1 0.17734375 0.5359375 0.27578125 0.38203125
1 0.36796875 0.49296875 0.20625 0.3265625
1 0.34375 0.740625 0.2515625 0.259375
1 0.5625 0.5953125 0.2234375 0.3390625
1 0.615625 0.7140625 0.2234375 0.284375
1 0.75703125 0.7609375 0.14375 0.30234375
1 0.8734375 0.66015625 0.2140625 0.33515625
1 0.1234375 0.93984375 0.2109375 0.1203125
1 0.0421875 0.778125 0.0703125 0.16171875
1 0.215625 0.8375 0.0921875 0.1234375
1 0.26875 0.71953125 0.0796875 0.103125
1 0.5796875 0.95625 0.15625 0.0875
1 0.6890625 0.91875 0.253125 0.1625